3002476
10052297
10671085
16259298
18346675
20379170
25992595
38989648
39192068
40548159
44084034
45333619
45427795
45938279
47585945
50393331
51384894
52511702
53945760
55093049
55717048
61990303
63196871
65220913
65424789
68707621
69549176
69847507
71386245
72841925
75030092
80245209
86229801
86322343
89644209
89718253
93968882
95334486
96289090
96795668
97244649
97484435
102696756
105077610
107348126
109878103
114080587
116977495
120508327
128465807
132210247
149961019
151392076
153757331
155018748
158710555
161331396
161917582
162260306
164411779
165619013
169371313
170941241
176231149
188008126
190675001
190742643
191934091
193775332
194239277
207195118
214742636
222719678
225525920
230253280
231470046
234487481
241242113
241961487
247043530
261175771
267434110
268831266
284567688
298235603
300071686
314522428
334371842
336797297
343426752
355290813
355999314
356402845
361531305
362216894
362297109
365390050
369405158
378419003
383675704
388532046
389015236
393429957
393548031
409393593
413953369
428106665
429334382
431781023
432547273
443894969
509480979
509755597
530191192
535054577
537145133
537206767
543245246
546323438
551784803
557250033
564519575
566578473
580642512
581492989
582018089
582823459
595950745
623657819
630002218
633982875
637700358
648212558
660479641
663453135
666233284
669884672
690592154
716904575
728869959
771582159
784278614
823224622
946192367
967913600
1018028840
1079980887
1167143325
1181364684
1289853768
1312967051
1327226515
1411902404
1430044893
1435522143
1542833623
1570161847
1598572588
1600963406
1646280665
1702080592
