# Same as v2 except for the masses w/o vertexing in the selection (w/ vertexing in this dump). 202 selected events.
#  run  lumi       event   phoPt[g]  muPt[mnea  muPt[mfar  phoEta[g]  muEta[mne  muEta[mfa  phoPhi[g]  muPhi[mne  muPhi[mfa   mass[mm]    mmgMass  mmgDeltaR  kRatio(mm
140124  1483  1312967051  25.478313  12.497221  37.265907  -1.280279  -1.314736  0.0431511  0.7277898  0.1070899  -2.557531  52.572979  92.623237  0.6215047  0.9546209
140383   477   428106665  17.947158  12.782776  33.581661  -0.386233  -0.532409  1.3492503  2.5558142  2.6321795  -0.084444  60.551864  90.854270  0.1649554  1.0132258
140399    83    39591478  14.587746  26.920610  45.806217  -1.302516  -1.264480  -2.086142  -0.568041  -0.470521  2.6585719  76.090606  94.237281  0.1046554  0.8170469
141959     7      458008  16.582714  16.994745  54.157039  -0.113140  -0.139769  0.5285584  -0.136742  -0.106583  -3.115006  63.995288  89.791381  0.0402882  1.0636955
142130   417   286509133  17.388200  33.378692  52.361736  0.1140160  0.1052701  0.1378756  2.1935341  2.1472632  -2.068147  71.830383  88.173225  0.0470791  1.2067604
142528   550   355290813  32.753562  20.645483  37.520877  1.9192280  1.8995003  1.9550783  0.9014357  0.9554239  -2.458013  55.442543  89.406677  0.0576977  1.0653751
142933   231   153757331  21.508127  28.215282  42.240181  -1.196589  -1.194296  -1.593993  0.7023554  0.6801842  -2.462209  70.243026  93.143600  0.0221079  0.9036382
143004   252    72841925  14.005682  30.548240  44.912956  -1.826178  -1.806093  -1.269515  -2.842736  -2.849421  0.4075479   76.95047  92.987525  0.0213291  0.8783616
143321    11    10052297  11.963940  31.941057  44.570484  -0.399716  0.0850429  0.1943797  -2.364643  -2.096339  1.0382117  75.597335  90.134880  0.5540442  1.0792257
143322    71    65220913  22.618955  19.294891  40.358203  0.1476939  0.2318942  0.9942496  -2.559951  -2.621445  0.5948799  59.735115  88.942894  0.1042202  1.0931110
143322   143   132210247  32.418380  10.314228  50.642776  0.2703634  0.2344818  0.0447415  -1.963640  -1.931913  0.9779341  45.575054  93.066238  0.0478664  0.9474279
143327     5     3002476  34.273979  21.834938  37.009414  -0.825943  -0.827232  -0.763101  0.6503283  0.6492034  -2.188699  56.155540  90.197395  0.0017222  1.0360505
143954    39    52511702  12.582060  18.547212  37.438266  1.1548641  1.6663183  -0.130109  -1.285725  -1.829292  1.5820784  75.166351  92.331237  0.7463764  0.9270005
144086    76   109878103  12.082818   29.10219  45.632553  -0.761333  -0.829800  -1.590602  -2.220543  -1.943345  0.7346961  76.511497  92.028595  0.2855491  0.9410826
144086   115   165619013  25.424972  13.943676  44.087657  1.3033769  1.2146906  0.1678699  0.0451587  -0.155677  2.5555913   55.19104  93.368736  0.2193590  0.9290257
144089  1355  1430044893  31.562984  19.734148  37.201564  -0.664306  -0.122977  -0.087822  1.6225280  1.9575785  -1.355696  53.990776  90.747589  0.6365668  1.0150473
144112   495   543245246  10.051110  26.502178  44.731132  0.4776449  0.3828484  -0.715395  -2.369252  -2.402567  0.0722582  76.408752  90.310249  0.1006048  1.0687065
144112   585   663453135  20.575437  12.155997  46.598999  -0.326630  0.0949053  0.9307386  1.7474056  1.8949728  -1.515995  51.228103  90.486274  0.4465900  1.0229017
144112   587   666233284  23.619234  22.655599  43.400810   1.720245  1.6938709  1.9412918  2.6657741  2.6738805  -0.251479  63.462722  90.640998  0.0275057  1.0237299
146510    65    61091868  13.993212  31.109409  39.931190  -1.337738  -1.324035  -0.548952  2.1143863  2.1085045  -1.042279  75.598556  91.201690  0.0149435  0.9990126
146511    26    20314064  10.775576  17.184249  63.841083  0.1935017  0.1589283  0.9094355  0.9136454  0.7919782  -2.170907  70.592514  89.910179  0.1264220  1.0746122
146511   325   242842128  13.368901  28.347665  43.142162  0.0955371  0.2602422  -0.760707  0.9361975  0.7026027  -2.581714  78.934593  94.452323  0.2856798  0.7747456
146644   209   159994508  27.673112  17.535322  35.469806  -1.038854  -1.048811  -2.200511  2.8722038  2.8827893  0.4320514  56.257900  90.395057  0.0145872  1.0287460
146644   766   694931816  21.973047  26.397108  38.684433  0.0037919  -0.263585  0.0461511  -3.008008  2.7470488  -0.143573  64.237220  87.545227  0.5919525  1.1840187
146644   800   721657117  10.049459  30.504688  40.645996  -0.917078  -0.948484  -1.955520  -1.540020  -0.750138  1.9401787  77.842849  91.096519  0.7904732  1.0074149
146644   945   829232377  19.811218  24.827468  44.582119  -2.045125  -2.015019  -1.945036  2.8836679  2.5962111  -0.509032  66.461402  88.938293  0.2891016  1.1159947
146644  1064   909449662  23.284252  11.381154  43.273914  -0.227031  -0.294730  1.1246868  1.7720238  2.0088720  -2.093995  51.656257  90.701507  0.2466618  1.0159065
146644  1844  1365679174  17.324588  22.988634  35.646431  1.6433402  1.9705009  0.6698154  -2.648991  -2.040349  0.9128689  70.318023  90.155777  0.6907655  1.0587774
146713   165   167068053  13.911831  27.038492  31.429758  0.6705009  0.6771726  2.0561134  2.0931732  2.0848367  -1.297734  72.235351  88.935974  0.0107386  1.1506767
146710   119   130539804  11.681723  17.219034  32.553211  -0.235152  -0.561731  1.4382687  0.4119179   1.082497  -2.378623  72.616821  90.496383  0.7457039  1.0430610
146712    65    67845103  10.832615  32.387104  37.226718  1.5633078  2.0266456  1.0359547  -2.493134  -3.114805  0.2252745  76.718780  88.012916  0.7752065  1.3057803
146715    75    70765409  17.657184  25.469249  33.599765  -0.803292  -0.776661  0.3201080  2.7389793  2.7303931  -0.239928  67.429473  87.951538  0.0278020  1.1817976
146724   136   108299450  21.559692  16.059965  52.006202  0.3072001  0.3639653  0.9717562  -3.022886  -2.655438  0.8109338  60.185497  90.630188  0.3718188  1.0220726
146804   151    73809828  32.486496  12.850742  43.735164  -0.472562  -0.150767  -0.274891  -1.846929  -1.837877  1.2517583  47.476097  89.496612  0.3220990  1.0530841
146804   415   378419003  18.875785  17.936348  33.085144  0.1635927  0.1064743  1.6635499  0.4145353  0.3602494  -3.049396  63.781333  90.442649  0.0788926  1.0329065
146804   294   241961487  14.821450  27.614810  37.407245  -0.070526  -0.008478  0.9871791  -0.937820  -0.674860  2.3426818  72.181533  90.089881  0.2702037  1.0684757
146804   609   582823459  35.010955  12.888789  38.451732  -0.196415  -0.206058  -0.796483  1.9389231  1.9209114  -1.102426  46.376968  89.548126  0.0203792  1.0504957
146807   435   432547273  13.701525  23.212308  53.938720  -0.750220  -1.081503  -0.555652  -1.695023  -1.530350  1.5425521  72.808448  91.252113  0.3698822  0.9961103
146944   322   300071686  11.511580  24.623952  37.616165  1.1964671  1.1934407  -0.069759  2.2288968  2.2449266  -1.082913  73.328002  88.845634  0.0163269  1.1675434
146944   366   362297109  21.728319  24.209589  41.691902  0.3716372  0.1208005  -0.559923  -1.974596  -2.654372  0.4761988  67.388839  94.197448  0.7245756  0.8711926
146944   507   557250033  14.783887  15.472207  30.780191  -0.553074  -0.537057  1.3916269  1.8827105  1.8751920  -1.339488  65.682342  92.158233  0.0176692  0.9574149
147043   328   191934091  21.853160  36.211177  44.231266  1.6594756  1.6793150  1.1002417  2.9422397  2.9313850  -1.397343  70.448860  88.945716  0.0228163  1.1369731
147114   386   343426752  10.234429  23.490062  34.916515  -1.871140  -1.911652  -0.406974  -0.720176  -0.766687  2.2890255  75.237983  89.412879  0.0613666  1.1373298
147114   533   551784803  13.891321  24.991891  51.645160  0.8558031  0.8642960  0.3327492  0.5633849  0.5443776  -2.567204  74.216758  92.534957  0.0208056  0.9189613
147115   333   393429957  10.385397  27.747419  51.301891  1.9165668  1.9291225  1.4370746  0.3085642  0.3838279  -2.896972  76.558433  89.924980  0.0761517  1.1027615
147115   200   241242113  13.180144  36.923522  44.369949  -0.624714  -0.625024  -0.518620  1.0084962  1.0772210  -2.476018  79.260246  92.517990  0.0687237  0.8926841
147115   238   284567688  16.996618  27.788864  42.198955  -0.807520  -0.879825  -0.196915  2.9730541  2.9712133  -0.146451  72.650955  91.804023  0.0724478  0.9641882
147196    40    38989648  22.012727  12.847420  36.147125  0.0777166  0.0410918  1.6871734  1.5244885  1.5128541  -1.325412  58.196315  95.103729  0.0384174  0.8710582
147196    42    41043107  16.381280  29.215236  43.555664  0.6909065  0.6615691  0.2667961  1.4432672  1.4475426  -1.725899  72.572708  90.762489  0.0292957  1.0260343
147216    28    20379170  22.546232  11.986804  46.163024  -0.776115  -0.690640  -1.816895  -2.380642  -2.399288  0.8338243  54.849971  91.846984  0.0875068  0.9777625
147216    61    45938279  14.430637  24.578517  39.310211  -0.957110  -1.251603  -0.184715  0.1465026  0.0891991  3.0884370  71.311805  87.937316  0.3000265  1.2199000
147219    93    63196871  11.215384  33.918159  43.396545  -0.766891  -0.864664  -1.159242  -0.565101  -0.548838  2.6163408  77.597999  89.691703  0.0989730  1.1337401
147219   256   170941241  12.972698  27.981252  51.477554  0.8723991  0.7988705  1.2153765  -1.545265  -1.498690  1.8725134  77.520103  93.322837  0.0869035  0.8540722
147284    48    45427795  19.748540  12.514882  46.038669  -0.232357  -0.900555  0.5118057  -0.018285  0.1807995  -3.042902  60.337841  88.903083  0.6972224  1.0965071
147284   101    97244649  11.151218  18.550827   68.90979  0.8787252  1.0707427  1.0400517  2.5035445  2.1219706  -0.962432  70.953575  89.552749  0.4272543  1.0989800
147284   259   246028709  22.690221  13.582051  53.057807  2.1362831  1.7812789  2.3525090  -2.375234  -1.678836  1.0240453  55.127224  89.857063  0.7818585  1.0478397
147284   218   209019561   20.02215  35.511642  31.290685  0.1763904  0.0044729  0.9722607  -1.386643  -1.466507  1.4751678  74.354965  91.851867  0.1893984  0.9581902
147390    13    10671085  21.193775  14.011439  35.972423  0.7192802  0.7036523  2.2083420  0.7704858  0.7716807  -2.265513  56.303138  89.017517  0.0157508  1.0822578
147390   210   185421099  18.244535  13.621141  33.584297  1.9891880  2.0292701  0.0204308  -0.404765  -0.399308  1.1088830  57.503948  87.801490  0.0338305  1.1376696
147390   192   169371313  21.022487  22.156663  31.464036  -1.155012  -1.166140  0.1778665  3.1106195  -3.141561  0.2412151  64.957710  90.457847  0.0328830  1.0334474
147390   269   234487481  11.090500  15.503879  52.613681  -0.203772  0.1494895  -1.321687  0.3720974  -0.314458  -2.762831  70.540313  90.571884  0.7719770  1.0346764
147390   801   633982875  12.229355  27.361742  42.271652  1.6213752  1.6103142  0.7055353   2.272856  2.2972490  -0.794020  75.124511  90.372703  0.0266742  1.0586292
147452    18    16259298  22.097749  14.999402  32.244281  0.7228616  0.4823192  -0.959077  -1.684280  -2.437373  1.2276040  54.609291  92.282913  0.7905779  0.9636864
147754   323   379589082  13.718150  11.106956  31.145521  0.6074273  0.8194211  -1.490204  -0.228406  -0.112280  3.1175334  65.193519  93.139831  0.2417033  0.9186749
147754    15    18346675  17.177269  23.257535  43.720741  0.6583126  0.4642933  1.3842408  3.0720059  -2.446527  0.2422975  68.512954  90.673759  0.7887915  1.0264896
147754    41    51384894  14.574587  21.927906  44.330001  -0.997382  -0.996802  -2.391860  2.6856901  2.6864876  -1.414371  71.875259  92.622406  0.0009886  0.9227240
147754   188   225525920  22.832660  19.635833  49.995414  -2.168087  -2.200459  -1.971706  -3.050221  -3.032906  -0.449600  60.431713  88.678421  0.0365929  1.1071533
147754   285   336797297  14.056868  32.474712  33.838340  2.4623053  2.2553160  0.9868949  -1.873546  -1.939677  0.4747835  77.254173  94.067817  0.2172523  0.8147657
147755   176   155018748  16.707988  14.774469  32.987224  -0.297924  -0.195190  -2.107909  -0.044399  -0.176544  2.4819107  65.029846  92.641861  0.1673985  0.9385947
147755   180   158710555  12.912554  10.731277  33.729358  0.4598084  1.0296059  -1.402619  2.1061625  2.3173961  -1.362209  68.830162  92.227897  0.6074500  0.9493665
147755   183   161331396  21.027357  11.045421  32.604084  -0.537730  -0.389121  1.3761168  -1.773355  -1.403344  1.6244658  53.524406  94.662414  0.3985154  0.8940645
147929    67    65424789  16.358879  36.740921  43.084404  0.5978991  0.6078907  0.4700446  2.8279805  2.8328568  -1.084414  73.809410  88.774864  0.0112066  1.1784527
147929    99    96795668  10.653765  24.904144  52.523399  -1.804771  -1.832232  -1.081864  1.2879151  1.3037061  -1.652567  77.009269  91.805107  0.0316642  0.9547596
147929   613   537145133  61.652164  34.572021  167.54856  0.7162504  0.7111175  1.2563110  1.8719211  1.8783326  1.4109828  54.293830  89.946754  0.0081529  1.0437055
147929   557   494923306  28.606761  16.358619  38.997432  -1.401591  -0.912059  -2.140461  -0.460060  -0.801209  2.8195064  58.863349  93.179672  0.5966078  0.9296082
147926   103    55717048  22.526481  19.714998  35.999950  -0.593240  -0.546905  -1.671695  0.3706443  0.3399338  -2.636144  62.074195  90.286415  0.0556609  1.0380467
147926    95    44097816  14.071970  16.163463  36.508018  2.3221540  2.3711814  0.5775395  -3.102499  -3.100317  0.0935244  68.851074  93.815696  0.0491256  0.8802716
147926   263   267434110  10.803554  27.719930  52.317409  -0.038490  0.0824936  0.3932974  -0.781180  -0.893253  1.8936454  75.910575  89.514778  0.1645023  1.1343193
147926   342   362216894  25.036901  22.001195  42.189552  -1.228258  -1.761905  -1.437482  2.7710421  2.7358989  -0.304724  61.562744  90.471878  0.5347935  1.0295818
147926   400   429334382  12.383362  35.300407  39.880420  -0.408209  -0.389881  -0.985556  -0.315750  -0.372573  2.5201942  78.181167  90.738464  0.0597182  1.0385208
147927    26    25992595  19.634258  15.820169  42.221843  -0.317301  -0.358196  -1.552684  -0.745868  -0.800602  2.1772730  61.124664  91.925994  0.0683084  0.9713183
147927    48    50393331  10.162143  31.448331  46.164432  1.0469704  1.3813604  0.9089061  1.8122561  1.5481356  -1.426413  78.516349  90.117538  0.4260634   1.099168
147927    68    71311835  11.107492  25.130083  41.140117  2.1306521  2.3502359  1.0358573  -0.360589  -0.020985  2.8155307   77.99646  92.598175  0.4044882  0.8959267
148029   346   268831266  13.221044  33.486537  41.367702  -1.319946  -1.327786  -1.989716  -2.845511  -2.822973  0.2414957  78.329307  92.744331  0.0238398  0.8838893
148029   115    68707621  16.978227  33.714252  31.761642  -1.179697  -1.198130  -0.110118  -2.471590  -2.356630  0.5475494  75.131057  92.098663  0.1164025  0.9411502
148029   138    89644209  17.985788  15.477419  30.911262  0.4116637  0.8834882  -1.088581  -2.435243  -2.404614  0.9026250  66.808029  90.781776  0.4731822  1.0195465
148029   428   334371842  14.137506  17.393877  59.168045  -0.428363  -0.431670  -1.408636  -1.333004  -1.337057  1.0544705  68.090248  91.618255  0.0051849  0.9790489
148029   500   389015236  26.643211  37.518486  34.800243  -0.758707  -0.759299  -1.545549  -1.052531  -1.063363  1.0797902  69.838371  91.243988  0.0108405  0.9970165
148029   493   383675704  23.768606  19.396064  48.591316  -0.706468  -0.628946  -0.377385  1.8725401  1.9394427  -1.349601  61.766544  92.396400  0.1022198  0.9530035
148029   506   393548031  30.915609  19.698494  39.877365  -0.209213  -0.233967  0.0196797  1.9350687  1.9127420  -0.745661  54.882335  88.031143  0.0330005  1.1194103
148031   252   214742636  21.102781  26.006658  41.014022  1.1778128  1.1790556  0.5317875  0.3305216  0.3085289  -2.546223  68.317535  91.845802  0.0221789  0.9680304
148031   510   409393593  10.552342  30.295675  48.062923  -0.179283  -0.097907  -0.424061  0.3252542  0.3712341  -2.739303  77.327652  89.665794  0.0935556  1.1335785
148031   482   388532046  10.681499  22.278451  44.903205  1.3241260  1.9671683  0.3303295  -2.429893  -2.378672  1.8480086  79.343765  90.975669  0.6451022  1.0194867
148002   116    75030092  15.657065  21.062328  41.600502  -1.014814  -0.988729  0.1608416  -0.285771  -0.356810  2.7633466  69.369812  91.725982  0.0758143  0.9726564
148031   842   648212558  22.117229  27.323658  42.956573  0.2592227  0.3878321  -0.076284  -2.325853  -2.311842  0.6293228  70.079322  93.808296  0.1297650  0.8753323
148031   770   598516957  18.174366  23.984638  35.942840  -0.400636  -0.356566  0.8783734  1.8287152  1.8337171  -1.101063  69.745300  92.957603  0.0443684  0.9136979
148058    70   116977495  18.671354  17.763296  34.422283  -1.901734  -1.886174  -0.363297  -2.412569  -2.413831  0.7106348  64.115501  92.236480  0.0155322  0.9562428
148058    36    55093049  21.015817  49.168659  30.418771  0.2731976  0.2558003  -0.065406  0.1045548  0.1136029  2.8302030  76.780815  91.765968  0.0195735  0.9581048
148829   229   224750638  46.203102  19.741954  32.663185  -0.481102  0.2528426  -0.428413  -2.880528  -2.820679  1.1565212  49.570793  88.761642  0.7359514  1.0805238
148829    22    19859797  10.891998  35.910530  42.054935  -2.360634  -2.341114  -2.332505  3.1332261  3.1371905  -0.033459  77.555122  89.240150  0.0197018  1.1802834
148829   227   223237579  25.658617  12.648348  35.486953  -2.381510  -2.365671  -1.075932  1.3060981  1.2500267  -1.740030  52.205196  90.948677  0.0585081  1.0078461
148822   208   222719678  15.873135  22.169946  38.482475  -2.074579  -2.081862  -0.917836  0.0619594  0.0401940  -2.931696  68.112236  89.422851  0.0231676  1.0949406
148822   215   230253280  13.566512  19.749908  40.027126  -0.817427  -0.846927  -2.106308  -0.679825  -0.678946  2.1826820  67.291938  87.706955  0.0295465  1.1967788
148822    87    93968882  30.181451  12.653129  30.848651  0.6818518  0.3418372  2.0048530  2.0991520  2.1654157  -1.070387  53.657020   92.02771  0.3463838  0.9724650
148822    89    96289090  15.934934  32.173034  39.346298  -1.823014  -1.819916  -1.572666  1.5072825  1.5029318  -1.749688  71.834945  87.739875  0.0054059  1.2430599
148822   139   149961019  10.559536  37.242694  37.468391  -0.943337  -0.948991  -0.255916  0.7131532  0.7138730  -2.541748  79.262779  89.728149  0.0058212  1.1492958
148822   231   247043530  22.289239  15.933137  40.439865  -0.543841  -0.540029  0.6907624  2.1830453  2.1772778  -0.542518  60.070358  93.138977  0.0069161  0.9290050
148822   352   369405158  26.180435  13.040247  35.169872  -0.099729  -0.168127  1.2864109  1.5581271  1.4677196  -1.579079  54.763103  93.785636  0.1132651  0.9170970
148822   349   366143423  17.653135  27.668691  41.913139  -1.411980  -1.438403  -2.155854  2.6609780  2.6596810  -0.533440  72.690048  93.120040  0.0264174  0.8948594
148862   528   771582159  12.133840  23.512949  53.831249  1.7846868  1.6425498  1.9297535  -2.740340  -2.851115  0.4013512  71.594131  88.034568  0.1802265  1.2153256
148862    31    45333619  21.881151  15.764480  74.338592  -0.976196  -0.955421  -1.647142  -0.374478  -0.423588  -2.125617  57.229625  89.006095  0.0533336  1.0845934
148862    55    86229801  31.126647  13.119741  43.383140  -0.777292  -0.775863  0.1840973  -1.256147  -1.259034  2.7428457  49.380664  90.931030  0.0038236  1.0080147
148862   118   190742643  17.669906  25.047613  45.390438  -0.024836  -0.009779  -0.547921  -2.985208  -2.982607  -0.168822  69.228157  90.347175  0.0143779  1.0452708
148862    65   102696756  19.146263  24.457660  44.140934  -0.268838  -0.351573  0.3063001  2.4579021  1.8746497  -1.019540  68.765014  91.974929  0.5891005  0.9613459
148862    75   120508327  20.182354  16.399404  50.468479  0.3580646  0.3970551  -0.268374  -1.425852  -1.387253  1.9021377  60.685001  90.232414  0.0548784  1.0388609
148862   108   176231149  35.189800  10.119435  46.555847  0.1810858  0.6674635  0.7535184  -2.091592  -2.376505  0.8795926  43.234630  94.790275  0.5635698  0.9058429
148862   240   361531305  11.498031  27.614856  47.209590  -0.019871  -0.023784  0.7379905  0.9420771  0.8995952  -2.712766  75.746345  89.990242  0.0426644  1.0918928
148862   356   530191192  15.147992  27.965719  38.623626  -0.923341  -0.865299  0.2216396  -2.857493  -2.995513  0.6837295  73.567039  92.312446  0.1496266  0.9336192
148862   432   637700358  12.417701  24.006431  50.862266  -0.153589  -0.144242  0.7434499  -1.057883  -1.049760  2.2507004  76.428466  94.142791  0.0126054  0.8187400
148862   452   666949985  10.890541  25.264337  38.816398  1.1919524  1.0939964  -0.210020  2.5702095  2.5004508  -0.673582  76.872238  92.717361  0.1201530  0.8953058
148862   454   669884672  22.007061  20.727592  43.244068  0.5086209  -0.241693  0.3954226  -0.087892  -0.007761  -3.125383  62.948326  89.761550  0.7545142  1.0630195
148862   497   728869959  19.773202  10.934662  51.991848  1.1436134  1.1468499  0.0283349  -1.079238  -1.092053  1.6914907  55.088184  91.734802  0.0137113  0.9813968
148862   503   737228107  10.691280  34.706295  44.282341  -0.370725  -0.212423  -0.586125  0.4371282  0.3734278  -2.868340  80.552284  91.640396  0.1690788  0.9566416
148864    34    39192068  13.019612  30.148269  32.076293  -0.580640  -0.561573  0.7657259  -2.268096  -2.293154  1.3671319  74.588378  89.445686  0.0313308  1.1291071
148864    79    95334486  11.957085  28.417388  33.369899  -2.399334  -2.279360  -0.847453  0.7037205  1.0720062  -2.492878  76.711357  93.234802  0.3872468  0.8655494
148864   137   164411779  15.802005  23.384162  36.714626  1.6769218  1.6754225  0.3911303  -2.235005  -2.186563  0.9339097  71.033622  91.978019  0.0484433  0.9575951
148952   105    80245209  11.273449  33.583755  43.224388  -1.796671  -1.779826  -1.183980  1.8188444  1.7734075  -1.566375  79.241066  91.555252  0.0484946  0.9680557
148864   640   716904575  17.390750  27.355459  36.672203  0.8488378  0.5988829  1.6849225  1.6159489  1.7867150  -1.414520  72.768852  91.278350  0.3026065  0.9945466
148864   370   431781023  14.634457  11.542408  34.291648  -1.652463  -1.673018  0.2906716  0.4943645  0.5433493  -2.562007  60.541980  90.892486  0.0528091  1.0116912
148864   302   355999314  15.559642  30.986856  42.247222  -1.425578  -0.770290  -1.147271  2.2101779  1.8921992  -1.134244  73.517356  91.329689  0.7284908  0.9911679
148864   556   630002218  10.864110  31.846244  43.245452  -1.811025  -1.769284  -1.026891  -1.524428  -1.540537  1.5540931  78.636932  91.361518  0.0446839  0.9853229
148864   465   535054577  15.698310  23.079299  30.475980  1.3483444  1.5339083  -0.048609  3.0172834  2.9671371  -0.130131  70.522277  89.414451  0.1922255  1.1059834
148952   249   314522428  23.396083  13.495098  43.247077  1.2731878  1.4090203  0.1737267  -0.773512  -0.918251  2.2679715  57.871841  93.599601  0.1982256  0.9176406
148952   154   162260306  12.376928  23.535482  48.688991  0.6879148  0.6781901  1.4499187  -2.990952  -3.081530  -0.383150  71.225791  87.634239  0.0910744  1.2437685
148952   120   105077610  16.564601  21.491663  56.550075  -0.032011  0.4501692  0.2864686  -2.608270  -2.538188  0.3864012  69.814827  93.792655  0.4870931  0.8771629
148952   239   298235603  17.235218  20.743669  35.610961  -0.179614  -0.156834  1.2128764  0.2606419  0.1466046  -3.118012  67.298339  91.238273  0.1162682  0.9975643
148953    62    89718253  21.740533  18.992635  35.486679  0.3238520  0.3191910  -0.957767  -2.467131  -2.449557  0.6647440  62.667842  91.682312  0.0184518  0.9797989
148953    67    97484435  25.673032  11.737643  42.497844  -0.245443  -0.084799  0.7596837  -0.720845  -0.766283  2.3695120  48.604763  88.828964  0.1671128  1.0768056
149003    97    47585945  10.004471  26.765911  40.216281  -0.947192  -0.923635  0.2139481  -1.367892  -1.343163  1.9748505  76.297554  89.550193  0.0341580  1.1346459
149003   191   194239277  26.204372  16.039478  50.214382  -0.940091  -0.812223  -0.723359  -1.447787  -1.265268  1.6801215  56.487518  92.495071  0.2225466  0.9552316
149011    27    40548159  25.294546  17.114831  50.762107  0.9204669  0.9597816  0.9234749  2.5105540  2.4452168  -0.599901  58.808052  92.618103  0.0762781  0.9486427
149011   684   946192367  19.789207  23.634487  45.333087  -2.039395  -2.052577  -2.099692  1.6487476  1.6640319  -1.406699  65.362068  88.496292  0.0201051  1.1358615
149011    40    61990303  24.475524  16.850904  36.453315  -0.214909  -0.076040  1.0907509  -2.119844  -2.768070  0.8392859  57.143863  93.363853  0.6628675  0.9263250
149011    72   114080587  10.929828  33.366497  44.843032  1.6760506  1.8188912  1.7960612  3.0803065  -3.121886  0.0795148  76.957870  88.602966  0.1642818  1.2410267
149011   132   207195118  31.316200  15.456400  38.103790  -0.317546  -0.457601  0.3927870  -0.993335  -1.002831  2.0907342  52.978054  90.467193  0.1397416  1.0243350
149011   306   462945950  38.201980  29.649774  31.973043  -0.334744  -0.290950  -0.119213  1.1952186  1.2031210  -1.697158  61.375183  93.025955  0.0448664  0.9307027
149011   340   509755597  11.856735  21.929876  44.414581  -0.350156  -0.364036  -1.645534  0.4838466  0.5676447  -2.705369  75.527351  93.945060  0.0848916  0.8364472
149011   583   823224622   20.81497  25.476249  40.463352  0.5960569  0.1860753  0.9940859  2.1333692  2.1301434  -1.073072  68.934936  91.023895  0.4099951  1.0084421
149011   427   623657819  20.900190  20.344116  31.289409  -0.863310  -0.860368  0.6896292  1.1797555  1.1665548  -1.990715  66.510078  94.838768  0.0135791  0.8514016
149058    32    37963087  11.647224  27.171323  54.974689  -0.781370  -0.788003  -0.631669  -1.781205  -1.788577  0.9295714  75.695655  90.386543  0.0101260  1.0596136
149181  1672  1598572588  29.222635  18.085430  36.206493  0.9754208  0.9957652  1.7501131  3.0429136  2.4044172  -0.501154  54.378936   88.81147  0.6387131  1.0867476
149181  1675  1600963406  10.978957  34.819496  39.280330  -1.972185  -1.284811  -0.910180  -1.335251  -1.250893  1.6056791  74.155509  89.059478  0.6925237  1.1576895
149181   235    53945760  14.572369  25.089902  36.152839  1.0314030  1.0274446  -0.263395  -2.711776  -3.056775  -0.428373  71.430572  88.891014  0.3450963  1.1477399
149181   257    86322343  20.288833  15.033199  36.516395  -0.741541  -0.758857  -2.161668  0.0729207  0.0606546  -2.871539  59.268211  91.189323  0.0211422  0.9999345
149181  1033  1018028840  16.609806  27.551609  36.203460  -0.012446  -0.126590  1.5155979  -0.008884  0.0109605  -1.456036  72.024742  89.244964  0.1156644  1.1262161
149181   495   413953369  35.690704  21.740999  37.333576  0.9011927  0.7781217  0.5709094  1.3012512  1.6262444  -1.617462  57.142757  93.725967  0.3473081  0.9149562
149181   594   537206767  33.613895   13.69489  42.781692  0.7659617  0.7568840  0.9530342  -2.906289  -2.941641  0.1871617   48.35849  89.975685  0.0363203  1.0381364
149181   602   546323438  20.777757  24.288000  43.132026  -0.144625  -0.411355  -0.532782  0.0546900  0.1020130  -2.955235  64.793350  89.068359  0.2709615  1.1022774
149181   617   564519575  25.118845  22.049701  43.734096  1.0571667  1.2309103  1.4265126  -2.188961  -2.303026  0.8352936  62.728900  92.708976  0.2077021  0.9399628
149181   618   566578473  13.329362  27.534246  39.584339  -0.458418  -0.453052  0.4340651  -2.245110  -2.239019  0.9775208  72.512100  88.405777  0.0080227  1.1953399
149181   643   595950745  10.909122  17.571117  41.260765  0.3358939  0.2897430  1.8402675  0.2295348  0.3036888  -2.840637  72.248573  91.426681  0.0872775  0.9860911
149181   725   690592154  11.552224  30.616966  38.156898  1.9918289  2.0760653  1.0336314  -2.996330  -2.952656  0.3278045  76.224716  89.043853  0.0947817  1.1823706
149181   698   660479641  14.631332  19.862991  35.413669  0.6923124  0.8796219  -0.845425  2.5958905  2.6574764  -0.557027  73.943557  95.069107  0.1964378  0.7975186
149181  1357  1327226515  10.237725  26.174150  47.654571  -1.947162  -1.940793  -1.268296  -2.042110  -2.036243  1.3181462  74.425308  87.782745  0.0084123  1.2812446
149181   983   967913600  17.795368  20.578050  34.196712  -0.854994  -0.897055  -2.263097  -0.135959  0.1476615  -2.943334  66.899673  91.664321  0.2867159  0.9778012
149181  1095  1079980887  14.743213  44.111805  39.687793  0.9548822  0.9567859  1.7256963  0.3191701  0.1504821  -1.721386  74.880828  87.695098  0.1687006  1.2998849
149181  1200  1181364684  37.106746  22.231863  34.558170  0.3652895  -0.183091  0.4515551  2.9547193  2.7857925  -0.644523  57.628963  91.982399  0.5743773  0.9716744
149181  1185  1167143325  24.782918  18.768022  54.166416  -0.082974  -0.104563  -0.443679  2.0374755  2.0167710  -1.847307  60.616218  92.317367  0.0302423  0.9572378
149181  1316  1289853768  13.450774   23.26828  42.702243  -1.095522  -1.085044  0.1218989  -1.932377  -1.935433  0.9913465  74.235542  93.458877  0.0108950  0.8699040
149181  1452  1411902404  18.291048  28.739893  47.750476  0.9685020  1.0104497  1.1949106  2.6543374  2.6632001  0.0342688  71.956001  92.128448  0.0428563  0.9478932
149181  1501  1455241838  18.262453  39.831176  35.310543  2.0223753  2.0167262  1.9639664  -1.669765  -1.655482  1.8430682  73.815208  89.178520  0.0153098  1.1447092
149181  1501  1454638500  10.092526  27.885097  38.985805  0.0467809  0.0286512  1.2303578  2.0218877  2.0275590  -1.219109  78.077903  91.024231  0.0189645  1.0135971
149181  1479  1435522143  21.207622  28.073516  38.853252  -0.205202  0.0646004  -0.311662  -2.844654  -2.674165  0.1976507  66.779747  88.454040  0.3187796  1.1459501
149181  1604  1542833623  30.829774  19.624786  34.869522  -0.201542  0.3501741  -0.516958  -0.210245  0.3153246  -3.052571  56.954361  88.856910  0.7623007  1.0902085
149181  1731  1646280665  19.230396  29.222333  32.485878  0.5675604  0.5518888  1.6290823  -1.450555  -1.462021  1.8300566  70.663826  90.801414  0.0192831  1.0216149
149181  1800  1699927591  12.876950  29.237184  42.390323  -0.085694  -0.515196  0.6106275  0.3218719  0.5123263  -1.920684  78.126480  90.744613  0.4696275  1.0378224
149181  1637  1570161847  13.295138  28.519928  42.359172  1.0111954  0.9686992  1.6553142  -3.075713  3.0577280  0.1393763  73.031272  88.548500  0.1556077  1.1891863
149181  1620  1556227395  19.280273  23.135820  43.292148  2.2268540  2.2034649  1.7385946  2.0363421  2.0403978  -0.937328  64.717269  87.600174  0.0237149  1.1840178
149181  1802  1702080592  14.736202  30.029939  34.614959  0.3881642  0.3984649  1.5395169  -2.365728  -2.302826  0.7514901  75.448562  92.251930  0.0638083  0.9307151
149063    60    69847507  12.243504  22.348104  38.579120  -0.218434  -0.138061  -1.584370  -1.157202  -1.249112  2.0627687  74.536109  92.003624  0.1221532  0.9486123
149063    61    71386245  18.022901  25.292488  44.570480  0.9485712  0.9409666  0.2521161  -0.843368  -0.852235  2.1047134  71.046234  92.843360  0.0119513  0.9147022
149182    52    44084034  16.511177  29.122282  47.451305  1.2696135  1.2723394  1.3138829  -2.638154  -2.647701  0.5293212  74.599693  93.190223  0.0097112  0.8816275
149182   147   128465807  26.941247  14.401883  43.796608  -2.002184  -2.014221  -1.127531  1.1725760  1.1742169  -2.026616  54.652088  92.357742  0.0121853  0.9612537
149182   380   331655796  10.895541  23.527133  57.511131  -2.070196  -2.052815  -1.672282  -1.047950  -1.120160  1.7841934  74.296882  89.788024  0.0741945  1.0996469
149291   200   193775332  12.279902  30.809949  44.757614  -2.049503  -2.084064  -1.864412  2.2201206  2.2197587  -0.918854  75.371871  88.968215  0.0346186  1.1789431
149291   196   188008126  13.532029  35.459415  40.732383  -1.423247  -1.361307  -0.876264  1.0900130  1.0428414  -2.228466  78.199867  92.078582  0.0778551  0.9309055
149291   198   190675001  12.032715  23.276481  49.305721  -0.386992  -0.397057  -1.285448  -0.078211  -0.141177  2.6769950  73.684913  90.611404  0.0639147  1.0376675
149291   110    69549176  14.728117  27.330879  58.773590  -1.857643  -1.982726  -1.471585  1.1803042  1.0783156  -1.052748  73.166793  91.007484  0.1615167  1.0112039
149291   230   231470046  15.116684  31.104547  59.378101  -0.978330  -0.976893  -0.790970  0.7803616  0.7768205  -1.316806  74.948738  91.415512  0.0038236  0.9848082
149291   168   151392076  16.746954  25.908615  43.740875  -1.343598  -1.515256  -1.807161  -2.928524  -2.631792  0.6181610  68.031013  87.493400  0.3428340  1.2180740
149291   334   356402845  13.722934  30.447404  45.942600  -0.983912  -0.823062  -1.384812  -0.164152  -0.095652  -3.039093  77.674896  92.992179  0.1748971  0.8728587
149291   136   107348126  22.792882  18.135000  42.273174  -0.088895  -0.045593  1.0351998  -1.199378  -1.278033  2.4058332  62.214027  94.510994  0.0898195  0.8780756
149291   176   161917582  17.578701  27.308137  45.336864  1.1441294  1.1548459  0.8836451  -0.675831  -0.676676  2.4322726  71.028137  91.022323  0.0106560  1.0092945
149291   253   261175771  24.364336  15.768216  39.176662  -0.840910  -0.837118  0.0627996  -1.844928  -1.821691  1.2452707  54.822589  87.438621  0.0236595  1.1443246
149291   342   365390050  23.640317  17.360189  41.873626  -1.006861  -1.089591  -0.001636  -0.052719  -0.073873  -3.133395  61.961532  94.286956  0.0852983  0.8861859
149291   414   443894969  25.842523  23.730953  40.717170  -0.345537  -0.580882  -0.752091  -2.647643  -2.335251  0.6181784  62.018970  91.030860  0.3911905  1.0064322
149291   478   509480979  17.197942  18.749099  31.896328  -0.638926  -0.635587  1.0427624  -0.392944  -0.396814  2.4915688  67.016387  92.818824  0.0051845  0.9272197
149291   551   580642512  18.412756  33.452919  42.652545  0.2640480  0.2548446  -0.373773  0.0805301  0.1049316  2.2845268  71.237663  88.951606  0.0259315  1.1419482
149291   552   582018089  21.646053  19.167240  32.958980  0.7261726  0.7239052  2.2850091  -0.565286  -0.552632  -2.917143  61.296299  89.368042  0.0128385  1.0776779
149291   552   581492989  21.620416  14.738660  38.088020  -0.219151  -0.220268  1.1252124  -0.922456  -0.899948  2.2363574  58.345462  91.748359  0.0227423  0.9795389
149291   781   784278614  14.900086  30.630943  31.091396  0.7504883  0.8438500  2.0861849  -2.212612  -2.673859  0.8702513  72.481933  90.333313  0.4708949  1.0533535
149294     2      500940  10.394207  15.450594  32.685249  0.5219426  0.1435131  -1.685335  -1.238674  -1.262260  2.0160198  64.964256  89.660461  0.3791317  1.0723241
